import gmplot as plot
import matplotlib
from gmplot import markers


lat_list = [40.7128, 40.0583, 41.6032, 42.4072, 39.0458, 39.9526, 38.9108, 41.3083, 34.0522, 41.9742, 38.9531, 42.2162, 47.6062, 25.7617, 28.5383, 27.9506, 37.7749,
            32.7157, 38.5816, 33.7490, 30.9843, 40.4173, 40.2672, 29.7604, 32.7767, 31.9686, 39.5501, 40.6331, 30.3322, 32.0809, 34.9530, 47.2529]
lon_list = [-74.0060, -74.4057, -73.0877, -71.3824, - 76.6413, -75.1652,-75.5277, -72.9279, -118.2437, -87.9073, -77.4565, -83.3554, -122.3321, -80.1918, -81.3792, -82.4572, -122.4194,
            -117.1611, -121.4944, -84.3880, -91.9623, -82.9071, -86.1349, -95.3698, -96.7970, -99.9018, -105.7821, -89.3985, -81.6557, -81.0912, -120.4357, -122.4443]
plot = plot.GoogleMapPlotter(39.8283, -98.5795, 3)
plot.apikey = "AIzaSyA3mG4cwGfLPr16k2AeMNRi440PuiqX3Ho"
plot.heatmap(lat_list, lon_list, radius=30)
plot.draw("CoronaTest.html")
